,index,atom,AA,AA_number,x,y,z,dist_from_axis,buriedness
0,121,O,ALA,226,1.858207258548287,13.60348470305939,5.619930413917219,4.639538730205679,3
1,134,O,ARG,228,6.090207258548286,16.680484703059395,6.006930413917216,4.090290813872778,4
2,234,ND2,ASN,1002,4.246207258548289,22.032484703059392,5.274930413917216,6.140483697849605,4
3,295,OD1,ASP,1061,-0.7747927414517122,25.306484703059393,-3.813069586082783,10.710263757066537,3
4,175,O,CYS,265,-8.869792741451711,15.949484703059394,7.768930413917216,5.422956732755315,0
5,147,CG,GLN,229,3.295207258548288,15.580484703059394,2.4029304139172165,1.2161202882728448,4
6,200,CG,GLU,268,-4.673792741451713,15.275484703059394,1.6239304139172166,0.9057741976082385,1
7,213,NE2,HIS,269,-1.2067927414517108,14.159484703059395,4.196930413917217,2.9478802052304798,2
8,25,CG1,ILE,135,1.9572072585482871,11.73748470305939,-0.8060695860827831,5.627311617755818,3
9,180,C,LEU,266,-7.649792741451712,15.191484703059391,5.140930413917216,2.8479628971011186,0
10,190,CB,LYS,267,-10.258792741451714,15.492484703059393,2.4939304139172176,0.14276718635243332,0
11,255,CA,MET,1006,-1.962792741451711,22.83248470305939,10.951930413917216,10.997189884841948,2
12,167,C,PHE,264,-6.7567927414517115,12.861484703059393,9.537930413917218,7.770693578470612,0
13,42,CA,PRO,138,5.895207258548286,17.891484703059394,-7.465069586082783,9.433980928943377,-1
14,38,O,SER,137,4.501207258548288,15.892484703059392,-6.073069586082783,8.103517888264786,4
15,29,CA,THR,136,6.290207258548289,12.153484703059394,-4.121069586082783,7.763536004395252,4
16,321,NE1,TRP,1158,5.394207258548288,18.617484703059393,12.370930413917216,10.555054455047907,4
17,79,OH,TYR,141,-0.9177927414517129,13.684484703059393,1.2659304139172178,2.7606341129587904,2
18,96,O,VAL,222,2.790207258548289,8.27448470305939,2.728930413917217,8.398864418205811,3
