,atom,AA,AA_number,x,y,z,buriedness,dist_from_axis
0,CA,THR,20,46.05207136485281,46.634520071364854,9.936541480820697,1,10.793516048325865
1,C,THR,20,47.250071364852815,46.450520071364856,8.988541480820697,1,10.242510070163027
2,O,THR,20,48.373071364852805,46.84552007136485,9.321541480820695,1,9.841690545663615
3,CB,THR,20,44.754071364852805,47.08452007136486,9.193541480820695,1,12.175904067301303
4,OG1,THR,20,44.286071364852816,46.036520071364855,8.333541480820696,1,12.016912569736254
5,N,ILE,21,47.028071364852806,45.83052007136485,7.831541480820697,1,10.30637090360804
6,CA,ILE,21,48.10907136485281,45.59352007136486,6.879541480820695,2,9.951522306194663
7,C,ILE,21,47.872071364852815,46.259520071364854,5.529541480820697,2,11.152981596089605
8,O,ILE,21,46.78707136485281,46.77252007136485,5.251541480820695,2,12.145088582601693
9,CB,ILE,21,48.33007136485281,44.085520071364854,6.634541480820694,2,8.751961644190063
10,CG1,ILE,21,47.135071364852806,43.49252007136486,5.880541480820696,2,9.173171085937849
11,CG2,ILE,21,48.55207136485281,43.36952007136485,7.957541480820694,2,7.56879402814288
12,CD1,ILE,21,47.212071364852804,42.00052007136485,5.688541480820696,2,8.074229327691082
13,N,GLY,22,48.90407136485281,46.24452007136485,4.695541480820694,2,11.152828933366038
14,CA,GLY,22,48.786071364852816,46.832520071364854,3.380541480820696,2,12.299614021212223
15,C,GLY,22,50.04007136485281,46.646520071364854,2.558541480820697,2,12.284205073401132
16,O,GLY,22,51.02907136485281,46.08152007136486,3.0215414808206944,2,11.443681641809054
17,N,ASP,23,49.9530713648528,47.073520071364854,1.308541480820697,2,13.301559666268803
18,CB,ASP,23,51.43707136485281,45.59352007136486,-0.010458519179305625,3,12.650935919708704
19,CG,ASP,23,52.73407136485281,45.15352007136485,0.683541480820697,3,11.9583223788229
20,OD1,ASP,23,53.58207136485281,46.01752007136486,1.0065414808206974,2,12.581688015357757
21,OD2,ASP,23,52.917071364852816,43.941520071364856,0.8955414808206967,3,10.867672174497695
22,NE2,GLN,43,51.49307136485281,47.29452007136486,12.199541480820695,0,7.737417360012585
23,C,LEU,44,51.71007136485281,48.16352007136486,9.257541480820695,1,9.867275374560236
24,O,LEU,44,52.82307136485281,48.469520071364855,9.689541480820697,1,9.766606976249705
25,N,THR,45,51.405071364852816,46.948520071364854,8.817541480820697,1,9.120170833732198
26,CA,THR,45,52.39807136485281,45.893520071364854,8.679541480820696,1,8.165828190174249
27,C,THR,45,52.364071364852805,45.536520071364855,7.198541480820694,1,8.661193817134093
28,O,THR,45,51.28407136485281,45.40052007136485,6.613541480820697,2,8.958310237935182
29,CB,THR,45,52.01407136485281,44.62652007136486,9.462541480820697,1,6.728858629253207
30,CG2,THR,45,53.015071364852815,43.505520071364856,9.202541480820695,1,5.856704219530639
31,OG1,THR,45,51.986071364852805,44.91252007136485,10.862541480820695,1,6.265023419404846
32,N,PRO,46,53.53407136485281,45.45552007136485,6.549541480820697,1,8.98318902535481
33,CA,PRO,46,53.509071364852815,45.100520071364855,5.126541480820695,2,9.49212379723302
34,C,PRO,46,53.0780713648528,43.63852007136485,5.009541480820694,2,8.314180397148348
35,O,PRO,46,53.65907136485281,42.765520071364854,5.652541480820695,2,7.329483438532487
36,CB,PRO,46,54.96707136485281,45.30552007136485,4.701541480820694,2,10.170393854657636
37,CG,PRO,46,55.73707136485281,45.012520071364854,5.969541480820695,1,9.440438275355133
38,CD,PRO,46,54.911071364852816,45.70952007136486,7.018541480820694,1,9.14304856291947
39,N,GLU,47,52.04707136485281,43.371520071364856,4.214541480820696,2,8.47709173227997
40,CA,GLU,47,51.5630713648528,42.006520071364854,4.0565414808206945,2,7.424899474538809
41,C,GLU,47,52.581071364852804,41.04452007136486,3.430541480820697,3,7.0308079521297415
42,O,GLU,47,52.62707136485281,39.87252007136485,3.8035414808206944,3,5.880821810440696
43,CB,GLU,47,50.248071364852805,41.99152007136485,3.2685414808206943,3,7.959139402303272
44,CG,GLU,47,49.5720713648528,40.61952007136485,3.196541480820695,3,6.984430338351727
45,CD,GLU,47,48.128071364852815,40.676520071364855,2.683541480820697,3,7.747420814365963
46,OE1,GLU,47,47.6820713648528,41.74252007136486,2.2035414808206966,3,8.995139229312201
47,OE2,GLU,47,47.41507136485281,39.655520071364855,2.7725414808206956,3,7.227742012885488
48,N,ASN,48,53.41507136485281,41.54052007136485,2.5115414808206964,3,8.107835966142247
49,CA,ASN,48,54.405071364852816,40.688520071364856,1.8335414808206956,3,8.149573714902953
50,C,ASN,48,55.71307136485281,41.341520071364855,1.3955414808206967,3,9.405598226067617
51,O,ASN,48,56.72507136485281,40.658520071364855,1.2695414808206955,3,9.544161949449878
52,CB,ASN,48,53.786071364852816,40.042520071364855,0.590541480820697,3,8.16768617038203
53,CG,ASN,48,52.747071364852815,39.015520071364854,0.9285414808206944,3,6.881071259560507
54,ND2,ASN,48,51.494071364852815,39.33452007136486,0.6575414808206972,3,7.075974442905899
55,OD1,ASN,48,53.06107136485281,37.94652007136486,1.441541480820696,3,5.873126719218121
56,N,SER,49,55.71407136485281,42.65952007136485,1.2185414808206971,3,10.43279677918388
57,CA,SER,49,56.89507136485281,43.36952007136485,0.7275414808206939,3,11.715304810023166
58,C,SER,49,58.206071364852804,43.33952007136485,1.5175414808206966,2,11.903690164246845
59,O,SER,49,59.250071364852815,43.676520071364855,0.9685414808206971,2,12.997502075824626
60,CB,SER,49,56.54007136485281,44.81452007136485,0.38454148082069395,2,12.78703761948531
61,OG,SER,49,56.17507136485281,45.54952007136485,1.541541480820694,2,12.53301846857936
62,N,MET,50,58.16807136485281,42.98652007136486,2.8005414808206943,2,10.955190152464013
63,CA,MET,50,59.40407136485281,42.944520071364856,3.5775414808206953,2,11.26217772090686
64,C,MET,50,59.93007136485281,41.539520071364855,3.8355414808206945,2,10.771467752062295
65,O,MET,50,60.95407136485281,41.37052007136486,4.503541480820697,2,11.153575254648864
66,CB,MET,50,59.259071364852815,43.704520071364854,4.893541480820694,2,10.899200642662048
67,CG,MET,50,59.263071364852806,45.20252007136485,4.728541480820695,2,11.883080306613579
68,SD,MET,50,59.390071364852815,46.027520071364854,6.312541480820695,1,11.595803049577173
69,N,LYS,51,59.25507136485281,40.53552007136486,3.279541480820697,2,10.08177181281588
70,CA,LYS,51,59.67607136485282,39.14852007136486,3.4525414808206953,2,9.752965396922662
71,C,LYS,51,60.94907136485281,38.86352007136485,2.6525414808206946,3,11.06383451493933
72,O,LYS,51,61.30207136485281,39.62352007136486,1.747541480820697,3,12.01730952947098
73,CB,LYS,51,58.53807136485281,38.19652007136486,3.0865414808206957,3,8.640397140198028
74,CG,LYS,51,57.35907136485281,38.325520071364856,4.038541480820694,3,7.30976799157961
75,CD,LYS,51,56.158071364852816,37.53452007136485,3.5915414808206947,3,6.259226417989802
76,CE,LYS,51,54.96607136485281,37.82752007136485,4.489541480820694,3,5.092379628801621
77,NZ,LYS,51,53.72207136485281,37.124520071364856,4.034541480820696,3,4.152903003236565
78,N,TRP,52,61.658071364852816,37.792520071364855,3.001541480820695,3,11.247613256789405
79,CA,TRP,52,62.91607136485281,37.454520071364854,2.337541480820697,3,12.559620821664039
80,C,TRP,52,62.80407136485282,37.30552007136485,0.813541480820696,3,12.993304208848487
81,O,TRP,52,63.646071364852816,37.829520071364854,0.07654148082069412,3,14.156215362342104
82,CB,TRP,52,63.54307136485281,36.19952007136486,2.9745414808206974,3,12.746830637071517
83,N,ASP,53,61.760071364852806,36.627520071364856,0.340541480820697,3,12.081948524310548
84,CA,ASP,53,61.5780713648528,36.43352007136485,-1.0964585191793041,3,12.43694196147184
85,C,ASP,53,61.399071364852816,37.746520071364856,-1.8604585191793035,3,13.026616655001682
86,O,ASP,53,61.84707136485281,37.886520071364856,-3.0044585191793036,4,13.95662322165243
87,CB,ASP,53,60.397071364852806,35.48952007136486,-1.3734585191793052,4,11.259137710800449
88,CG,ASP,53,59.0660713648528,35.999520071364856,-0.8074585191793044,4,10.027392918924022
89,OD1,ASP,53,59.042071364852816,36.93952007136485,0.011541480820696393,3,9.970252264331604
90,OD2,ASP,53,58.021071364852816,35.43352007136485,-1.1744585191793036,4,9.12168462061545
91,N,ALA,54,60.79407136485281,38.725520071364855,-1.1984585191793045,3,12.615487667394962
92,CA,ALA,54,60.53807136485281,40.01752007136486,-1.8124585191793052,3,13.296040058512737
93,CB,ALA,54,59.21007136485281,40.567520071364854,-1.3164585191793048,3,12.404748474058444
94,CA,ARG,82,55.78507136485281,46.786520071364855,12.168541480820696,0,7.239880597935796
95,C,ARG,82,56.43307136485281,46.09952007136486,10.966541480820695,0,7.617880273452427
96,O,ARG,82,55.759071364852815,45.83152007136486,9.966541480820695,1,7.766260642897841
97,CB,ARG,82,54.720071364852814,45.87352007136486,12.779541480820697,0,5.944142959881382
98,CG,ARG,82,54.0750713648528,46.40452007136486,14.043541480820696,0,5.627149072396632
99,CD,ARG,82,53.30507136485281,45.30552007136485,14.751541480820695,0,4.386889922346902
100,NE,ARG,82,54.19907136485281,44.45952007136486,15.536541480820699,0,3.1827813730226873
101,CZ,ARG,82,54.625071364852815,43.25752007136486,15.171541480820697,0,2.4742205502349197
102,NH1,ARG,82,54.241071364852814,42.72152007136486,14.017541480820697,0,2.6246244959328195
103,NH2,ARG,82,55.47507136485281,42.60852007136486,15.955541480820695,0,2.0231410654729407
104,N,GLY,83,57.756071364852815,45.94952007136486,11.005541480820696,0,8.071935296089482
105,CA,GLY,83,58.46107136485281,45.268520071364854,9.934541480820695,1,8.617927013730299
106,C,GLY,83,58.164071364852816,43.780520071364855,10.035541480820697,1,7.5200902286719185
107,O,GLY,83,58.13607136485281,43.22152007136486,11.133541480820696,1,6.64322589585972
108,N,HIS,84,58.025071364852806,43.112520071364855,8.897541480820696,1,7.661434805592734
109,CA,HIS,84,57.67507136485281,41.698520071364854,8.896541480820694,1,6.694655600590842
110,C,HIS,84,58.0720713648528,41.08052007136485,7.559541480820695,2,7.358309329419661
111,O,HIS,84,57.58807136485281,41.52352007136486,6.526541480820697,2,7.753854976526033
112,CB,HIS,84,56.16207136485281,41.59852007136485,9.095541480820696,1,5.5234138168374
113,CG,HIS,84,55.60007136485281,40.219520071364855,8.920541480820695,2,4.487273019199775
114,CD2,HIS,84,55.16607136485281,39.57152007136486,7.808541480820697,2,4.4320995983204785
115,ND1,HIS,84,55.40107136485281,39.36352007136485,9.971541480820697,1,3.4247061072514384
116,CE1,HIS,84,54.86507136485281,38.231520071364855,9.523541480820697,2,2.7903926636033307
117,NE2,HIS,84,54.718071364852804,38.341520071364855,8.221541480820697,2,3.291991709207762
118,N,THR,85,58.93107136485281,40.063520071364856,7.559541480820695,2,7.650347384134419
119,CA,THR,85,59.55207136485281,39.48652007136486,8.754541480820695,1,7.572632219988431
120,C,THR,85,60.965071364852804,39.106520071364855,8.329541480820694,2,8.961570271432096
121,O,THR,85,61.18107136485281,38.713520071364854,7.182541480820696,2,9.487840200401623
122,CB,THR,85,58.76107136485281,38.243520071364856,9.267541480820697,2,6.495761946742086
123,CG2,THR,85,58.53707136485281,37.21252007136486,8.158541480820695,2,6.536346845344447
124,OG1,THR,85,59.46707136485281,37.631520071364854,10.354541480820696,1,6.916513476946397
125,N,LEU,86,61.92407136485281,39.26752007136486,9.234541480820695,1,9.59856719150406
126,CA,LEU,86,63.32107136485281,39.015520071364854,8.917541480820695,1,11.004801339567548
127,C,LEU,86,63.81507136485281,37.58752007136486,8.716541480820695,1,11.512658216356819
128,O,LEU,86,64.6110713648528,37.344520071364855,7.804541480820696,2,12.505048044473416
129,CB,LEU,86,64.2240713648528,39.74152007136485,9.920541480820695,1,11.628143073341786
130,N,VAL,87,63.41207136485281,36.664520071364855,9.589541480820696,1,11.01218710178891
131,CA,VAL,87,63.85907136485281,35.27352007136486,9.501541480820695,2,11.68492077363885
132,C,VAL,87,62.649071364852816,34.35852007136486,9.556541480820695,2,10.721878338203473
133,O,VAL,87,61.96907136485281,34.27952007136486,10.575541480820696,2,10.047631728061702
134,CB,VAL,87,64.83507136485281,34.91252007136485,10.667541480820695,1,12.597969485488003
135,CG1,VAL,87,65.42307136485282,33.51752007136486,10.476541480820696,2,13.566062454090513
136,N,TRP,88,62.42107136485281,33.61152007136486,8.484541480820695,2,10.777956803668086
137,CA,TRP,88,61.271071364852816,32.72952007136485,8.412541480820696,2,9.954945668329191
138,C,TRP,88,61.56807136485281,31.59552007136485,7.425541480820694,3,10.639229142399254
139,O,TRP,88,62.331071364852804,31.770520071364853,6.475541480820695,3,11.331234090091929
140,CB,TRP,88,60.07307136485281,33.572520071364856,7.973541480820696,2,8.570075210665582
141,CG,TRP,88,58.74307136485281,32.90652007136485,7.978541480820695,2,7.530642509099634
142,CD1,TRP,88,58.348071364852814,31.843520071364853,8.742541480820694,2,7.681143792758162
143,CD2,TRP,88,57.604071364852814,33.28552007136486,7.189541480820697,3,6.341284330912119
144,CE2,TRP,88,56.55207136485281,32.40352007136485,7.535541480820697,3,5.732779434188214
145,CE3,TRP,88,57.37407136485281,34.27952007136486,6.226541480820696,3,5.972728725134374
146,NE1,TRP,88,57.03207136485281,31.54052007136485,8.479541480820696,3,6.70491225307965
147,CZ2,TRP,88,55.278071364852806,32.49252007136486,6.942541480820697,3,4.524429356366415
148,CZ3,TRP,88,56.111071364852805,34.36452007136486,5.6395414808206965,3,4.828744691326418
149,CH2,TRP,88,55.07907136485281,33.472520071364855,6.002541480820696,3,3.9342583824618993
150,N,HIS,89,61.006071364852815,30.41752007136485,7.689541480820697,3,10.601535025203875
151,CA,HIS,89,61.21907136485281,29.246520071364852,6.839541480820696,3,11.260945015042717
152,C,HIS,89,60.33807136485281,29.24452007136485,5.584541480820697,3,10.394448426905692
153,O,HIS,89,60.610071364852814,28.516520071364848,4.635541480820695,3,10.90377532177242
154,CB,HIS,89,60.98407136485281,27.95452007136485,7.641541480820695,3,11.796788393297172
155,CG,HIS,89,59.55207136485281,27.73552007136485,8.040541480820696,3,10.846394939646972
156,CD2,HIS,89,58.596071364852804,26.935520071364852,7.520541480820697,3,10.519927835899018
157,ND1,HIS,89,58.95107136485281,28.429520071364852,9.075541480820696,3,10.1840868848112
158,CE1,HIS,89,57.68407136485281,28.066520071364852,9.162541480820696,3,9.559011132520942
159,NE2,HIS,89,57.43907136485281,27.16252007136485,8.235541480820697,3,9.760394683055068
160,N,SER,90,59.27607136485281,30.03952007136485,5.610541480820697,3,9.096997704472034
161,CA,SER,90,58.33007136485281,30.14052007136485,4.507541480820695,3,8.155638793490866
162,C,SER,90,58.68307136485281,31.388520071364848,3.7055414808206955,3,8.119695893773411
163,O,SER,90,59.28107136485281,32.30952007136486,4.246541480820696,3,8.442282944293941
164,CB,SER,90,56.92107136485281,30.27152007136485,5.076541480820694,3,6.854162643575011
165,OG,SER,90,56.006071364852815,29.395520071364853,4.456541480820697,4,6.437253243199774
166,N,GLN,91,58.30507136485281,31.42352007136485,2.4275414808206968,4,7.888255959483373
167,CA,GLN,91,58.61207136485281,32.560520071364856,1.544541480820694,4,8.243219906572682
168,C,GLN,91,60.10007136485281,32.93052007136485,1.6175414808206945,3,9.664928429910063
169,O,GLN,91,60.485071364852814,34.10752007136485,1.6605414808206973,3,10.05608054293692
170,CB,GLN,91,57.6940713648528,33.76352007136485,1.840541480820697,3,7.317183939975323
171,CG,GLN,91,56.269071364852806,33.573520071364854,1.289541480820695,4,6.128395994969085
172,CD,GLN,91,55.32407136485281,34.737520071364855,1.561541480820697,3,5.447737907189872
173,NE2,GLN,91,55.369071364852815,35.755520071364856,0.7145414808206958,4,6.265459600586192
174,OE1,GLN,91,54.527071364852816,34.691520071364856,2.4955414808206946,3,4.360798011376308
175,N,LEU,92,60.92407136485281,31.885520071364855,1.6455414808206967,4,10.51850830415392
176,CA,LEU,92,62.373071364852805,31.998520071364855,1.7215414808206972,3,11.910206377094394
177,C,LEU,92,62.94907136485281,31.459520071364853,0.4125414808206962,4,12.773407831499753
178,O,LEU,92,62.67707136485281,30.319520071364852,0.029541480820697075,4,12.691843558047767
179,CB,LEU,92,62.89207136485281,31.15652007136485,2.903541480820696,3,12.345362207721566
180,CG,LEU,92,64.39907136485282,31.10952007136485,3.195541480820694,3,13.785260150015539
181,N,PRO,93,63.748071364852805,32.27252007136485,-0.29245851917930565,4,13.672462392717932
182,CD,PRO,93,64.11607136485281,33.658520071364855,0.039541480820695085,3,13.96591048217377
183,CA,TRP,127,60.33807136485281,44.112520071364855,13.808541480820697,0,7.476057692425271
184,C,TRP,127,60.05307136485281,42.68352007136485,14.236541480820694,0,6.675195753380659
185,O,TRP,127,60.42107136485281,42.289520071364855,15.341541480820695,0,6.603770909616345
186,CE3,TRP,127,61.641071364852806,44.072520071364856,10.294541480820694,1,10.09325433865658
187,CZ3,TRP,127,61.67707136485281,44.283520071364855,8.921541480820697,1,10.84523414499004
188,N,ASP,128,59.370071364852805,41.91052007136486,13.403541480820696,0,6.202098981532539
189,CA,ASP,128,59.18007136485281,40.505520071364856,13.729541480820696,0,5.7748806052578585
190,C,ASP,128,60.512071364852815,39.932520071364856,13.250541480820697,1,7.190955268560777
191,O,ASP,128,60.6970713648528,39.692520071364854,12.048541480820695,1,7.6604897093238895
192,CB,ASP,128,58.036071364852816,39.87652007136486,12.933541480820697,1,4.864329470493853
193,CG,ASP,128,56.68407136485281,40.15152007136486,13.533541480820695,1,3.4113619973877483
194,OD1,ASP,128,56.59107136485281,40.29452007136486,14.764541480820697,0,3.0235768931611084
195,OD2,ASP,128,55.69907136485281,40.195520071364854,12.775541480820696,1,2.7500753620490563
196,N,VAL,129,61.474071364852804,39.84552007136485,14.166541480820694,0,7.952619630578581
197,CA,VAL,129,62.80207136485281,39.32452007136486,13.853541480820695,0,9.367286538728415
198,C,VAL,129,62.735071364852814,37.85452007136485,13.437541480820695,1,9.615131624759098
199,O,VAL,129,63.31707136485281,37.46852007136486,12.417541480820695,1,10.37672531174618
200,N,LEU,130,62.019071364852806,37.04652007136485,14.219541480820695,1,9.091478491127033
201,CA,LEU,130,61.863071364852814,35.615520071364855,13.947541480820696,1,9.46606182552465
202,C,LEU,130,60.376071364852805,35.28752007136485,13.817541480820697,1,8.26210958692193
203,O,LEU,130,59.56807136485281,35.716520071364855,14.643541480820694,1,7.431359970224939
204,CB,LEU,130,62.46007136485281,34.780520071364855,15.088541480820695,1,10.437694099218449
205,CG,LEU,130,63.94607136485281,34.902520071364854,15.446541480820695,1,11.723116965717557
206,CD2,LEU,130,64.82007136485281,34.67852007136486,14.214541480820696,1,12.557797166375089
207,N,ASN,131,60.01707136485281,34.502520071364856,12.808541480820697,1,8.231074891877698
208,CA,ASN,131,58.619071364852815,34.14252007136486,12.595541480820696,1,7.195795485488403
209,C,ASN,131,58.4380713648528,32.627520071364856,12.527541480820695,2,7.926581843091291
210,O,ASN,131,59.19907136485281,31.93052007136485,11.850541480820695,2,8.797832597384659
211,CB,ASN,131,58.09107136485281,34.79752007136486,11.306541480820695,2,6.277503166285675
212,CG,ASN,131,56.56507136485281,34.80952007136486,11.216541480820695,2,4.937057529548666
213,ND2,ASN,131,56.039071364852816,34.58652007136485,10.015541480820694,2,4.464088321086123
214,OD1,ASN,131,55.87407136485281,35.072520071364856,12.199541480820695,2,4.405017463599514
215,N,GLU,132,57.48707136485281,32.12852007136485,13.315541480820695,2,7.800981148893332
216,CA,GLU,132,57.122071364852815,30.715520071364853,13.349541480820697,2,8.631032430733375
217,C,GLU,132,58.251071364852805,29.70152007136485,13.504541480820695,2,10.085867433060422
218,O,GLU,132,58.33507136485281,28.755520071364852,12.725541480820695,2,10.573578273420289
219,CB,GLU,132,56.29807136485282,30.386520071364853,12.098541480820696,2,7.9847739511324
220,CG,GLU,132,55.095071364852814,31.306520071364854,11.899541480820695,2,6.594574389800653
221,CD,GLU,132,54.348071364852814,31.04852007136485,10.606541480820695,2,5.939734035930436
222,OE1,GLU,132,54.771071364852816,30.19852007136485,9.802541480820697,3,6.485978391028534
223,OE2,GLU,132,53.3160713648528,31.699520071364855,10.393541480820694,2,4.928341620027541
224,N,ILE,133,59.06807136485281,29.837520071364853,14.546541480820697,2,10.815047105494285
225,CA,ILE,133,60.18107136485281,28.91252007136485,14.732541480820696,2,12.226986707496993
226,C,ILE,133,59.86507136485281,27.715520071364853,15.6155414808207,2,13.212158592999431
227,CB,ILE,133,61.4380713648528,29.626520071364855,15.293541480820696,1,12.716287921313839
228,CG1,ILE,133,61.230071364852805,30.01252007136485,16.764541480820693,1,12.728132133759438
229,CG2,ILE,133,61.769071364852806,30.86352007136485,14.438541480820696,1,11.942879636343228
230,N,PHE,134,58.610071364852814,27.56752007136485,16.022541480820696,2,12.829721867244356
231,CA,PHE,134,58.21907136485281,26.46052007136485,16.889541480820693,2,13.895257034230948
232,C,PHE,134,57.3100713648528,25.443520071364855,16.2375414808207,2,14.090052681768048
233,O,PHE,134,56.48407136485281,25.78052007136485,15.393541480820694,2,13.146609611918826
234,CB,PHE,134,57.489071364852805,26.97552007136485,18.148541480820693,1,13.751391235009034
235,CD,GLU,136,51.137071364852815,24.02152007136485,15.948541480820698,2,14.15443765136889
236,OE2,GLU,136,51.751071364852805,24.83352007136485,15.225541480820695,2,13.0638324331768
237,CG,ARG,141,59.86507136485281,24.49752007136485,12.003541480820697,3,14.372762375168923
238,CD,ARG,141,59.254071364852805,25.642520071364853,11.228541480820695,3,12.912106591693068
239,NE,ARG,141,57.95207136485281,26.065520071364855,11.741541480820697,3,12.036486704447153
240,CZ,ARG,141,56.80207136485281,25.46652007136485,11.452541480820695,3,11.825888971034063
241,NH1,ARG,141,56.780071364852816,24.401520071364853,10.668541480820696,3,12.344603782641261
242,NH2,ARG,141,55.661071364852816,26.001520071364855,11.854541480820696,3,11.089212262782082
243,C,TYR,171,60.03807136485281,39.08152007136486,17.885541480820695,0,6.527211383121252
244,O,TYR,171,60.70407136485281,38.941520071364856,16.857541480820696,0,7.16496316093428
245,CB,TYR,171,58.42607136485282,40.874520071364856,17.907541480820694,0,4.345544289046933
246,CD2,TYR,171,56.32707136485281,41.37052007136486,19.194541480820693,0,2.336189151836594
247,N,ILE,172,59.45407136485281,38.08152007136486,18.538541480820694,0,6.61393521512159
248,CA,ILE,172,59.45507136485281,36.70652007136486,18.065541480820695,0,7.346761379615733
249,C,ILE,172,57.93907136485281,36.521520071364854,17.879541480820695,0,6.352337589885278
250,O,ILE,172,57.15907136485281,36.79752007136486,18.787541480820696,0,5.983644511700066
251,CB,ILE,172,60.05207136485281,35.691520071364856,19.073541480820698,0,8.67649599752012
252,CG1,ILE,172,59.88307136485281,34.27052007136486,18.513541480820695,0,9.380123425735484
253,N,ASN,173,57.52907136485281,36.13252007136486,16.678541480820694,1,6.007501021113757
254,CA,ASN,173,56.119071364852815,36.00052007136485,16.326541480820698,1,5.141762615166023
255,C,ASN,173,55.732071364852814,34.55352007136486,16.018541480820698,1,5.973066763441981
256,O,ASN,173,56.54007136485281,33.79152007136486,15.486541480820694,1,6.748007110710052
257,CB,ASN,173,55.885071364852806,36.896520071364854,15.095541480820696,1,3.9383394919410772
258,CG,ASN,173,54.43007136485281,37.10252007136486,14.767541480820697,1,2.8503694203149426
259,ND2,ASN,173,54.08007136485281,36.902520071364854,13.507541480820695,1,2.3424410858051936
260,OD1,ASN,173,53.635071364852806,37.47752007136486,15.620541480820695,1,2.7211208708883166
261,N,ASP,174,54.501071364852805,34.16652007136486,16.3415414808207,1,6.034269405609357
262,CA,ASP,174,54.05207136485281,32.804520071364855,16.063541480820692,1,6.954633672875006
263,C,ASP,174,52.54107136485281,32.68752007136486,16.137541480820698,1,7.000892500857477
264,O,ASP,174,51.867071364852805,33.573520071364854,16.662541480820696,1,6.642889932494669
265,CB,ASP,174,54.69607136485281,31.806520071364854,17.035541480820694,1,8.405884195111254
266,CG,ASP,174,55.105071364852805,30.513520071364848,16.3565414808207,1,9.25194911528541
267,OD1,ASP,174,54.38907136485281,30.069520071364852,15.435541480820696,2,9.006592919203516
268,OD2,ASP,174,56.153071364852806,29.94552007136485,16.726541480820696,1,10.205931224343617
269,N,TYR,175,52.01107136485281,31.61252007136485,15.562541480820695,1,7.6021153751943915
270,CA,TYR,175,50.57607136485281,31.365520071364852,15.559541480820695,2,8.030387129922552
271,C,TYR,175,50.254071364852805,30.212520071364853,16.501541480820695,2,9.55108722471331
272,O,TYR,175,51.14807136485281,29.480520071364854,16.924541480820697,2,10.21007806084382
273,CB,TYR,175,50.07907136485281,31.053520071364854,14.140541480820694,2,7.586295188972008
274,CG,TYR,175,50.6850713648528,29.812520071364855,13.523541480820697,2,8.0777622451056
275,CD1,TYR,175,51.91207136485281,29.86952007136485,12.870541480820695,2,7.560860453771368
276,CD2,TYR,175,50.02607136485281,28.58352007136485,13.584541480820697,2,9.215655345775067
277,CE1,TYR,175,52.474071364852804,28.739520071364854,12.291541480820694,2,8.223028566821355
278,CE2,TYR,175,50.581071364852804,27.437520071364855,13.009541480820694,3,9.731002718037956
279,CZ,TYR,175,51.8070713648528,27.523520071364853,12.362541480820695,3,9.247470447639383
280,OH,TYR,175,52.37407136485281,26.39652007136485,11.792541480820695,3,9.926397073879283
281,N,ASN,176,48.968071364852804,30.03752007136485,16.7925414808207,2,10.2291018572984
282,CA,ASN,176,48.49007136485281,28.993520071364852,17.699541480820695,2,11.689981771165156
283,C,ASN,176,48.92807136485281,29.182520071364852,19.157541480820694,1,12.241837267929094
284,O,ASN,176,49.111071364852805,28.215520071364853,19.893541480820698,1,13.347541712530777
285,CB,ASN,176,48.851071364852814,27.59152007136485,17.185541480820692,2,12.342493737159966
286,CG,ASN,176,47.93607136485281,27.12552007136485,16.061541480820697,2,12.328316085571249
287,ND2,ASN,176,48.30807136485281,26.03352007136485,15.415541480820696,2,12.674270085814667
288,OD1,ASN,176,46.905071364852816,27.73852007136485,15.783541480820698,2,12.108854681431689
289,N,LEU,177,49.10607136485281,30.437520071364855,19.563541480820692,1,11.476516566373453
290,CA,LEU,177,49.46407136485281,30.78152007136485,20.940541480820695,1,11.891767937718104
291,C,LEU,177,48.153071364852806,31.382520071364855,21.424541480820697,1,12.22741961839504
292,CB,LEU,177,50.55207136485281,31.85652007136485,20.959541480820693,1,10.758846424430217
293,CG,LEU,177,51.83907136485281,31.64052007136485,20.168541480820696,1,10.202006784252646
294,CD1,LEU,177,52.732071364852814,32.84552007136485,20.386541480820693,0,9.232799298320298
295,CD2,LEU,177,52.54507136485282,30.36052007136485,20.583541480820696,1,11.406253900430823
296,CG,ASP,178,45.58907136485281,31.562520071364855,18.968541480820694,1,12.076307118556517
297,OD1,ASP,178,46.08607136485281,32.700520071364856,19.073541480820698,1,11.168737269519742
298,OD2,ASP,178,45.67707136485281,30.892520071364853,17.9235414808207,1,11.855829769560476
299,CD,LYS,184,52.69907136485281,26.92452007136485,18.129541480820695,2,12.907251376201208
300,CE,LYS,184,53.644071364852806,27.14652007136485,16.970541480820696,2,12.150864542095633
301,NZ,LYS,184,52.876071364852805,27.40652007136485,15.724541480820694,2,11.206746649884057
302,N,GLY,206,54.94807136485281,38.14752007136485,19.712541480820693,0,4.457819695256705
303,CA,GLY,206,53.8100713648528,38.46552007136486,18.873541480820695,0,3.6663567303665756
304,C,GLY,206,52.959071364852804,37.225520071364855,18.715541480820693,0,4.692431595207179
305,O,GLY,206,53.47507136485281,36.14152007136485,18.453541480820693,0,5.377786776879171
306,N,SER,207,51.66207136485281,37.36152007136486,18.934541480820695,0,5.111277501422047
307,CA,SER,207,50.766071364852806,36.22952007136485,18.7925414808207,0,6.21215794966793
308,C,SER,207,49.90107136485281,36.54352007136485,17.5945414808207,1,5.806940491960558
309,O,SER,207,49.107071364852814,37.47752007136486,17.635541480820695,1,5.877609573627215
310,CB,SER,207,49.894071364852806,36.06152007136485,20.035541480820694,0,7.450542917963518
311,OG,SER,207,49.141071364852806,34.86152007136486,19.942541480820697,0,8.567296465586313
312,N,GLN,208,50.0660713648528,35.777520071364854,16.523541480820693,1,5.592464741402964
313,CA,GLN,208,49.30007136485281,36.008520071364856,15.304541480820696,1,5.283678294883837
314,C,GLN,208,47.80207136485281,36.082520071364854,15.538541480820694,1,6.477418140183556
315,O,GLN,208,47.17007136485282,37.070520071364854,15.172541480820694,1,6.524786455353755
316,CB,GLN,208,49.65707136485281,34.97152007136486,14.238541480820697,1,5.069267099287014
317,CG,GLN,208,51.129071364852805,35.07752007136485,13.817541480820697,1,4.036033947705105
318,CD,GLN,208,51.522071364852806,34.127520071364856,12.709541480820697,2,4.006625377664551
319,NE2,GLN,208,52.82007136485281,34.030520071364855,12.445541480820694,2,3.8743529074110232
320,OE1,GLN,208,50.67207136485281,33.49152007136485,12.094541480820695,2,4.378647660813545
321,N,THR,209,47.242071364852805,35.05352007136486,16.1645414808207,1,7.6514608372255655
322,CA,THR,209,45.8100713648528,35.005520071364856,16.464541480820696,1,8.912321853721942
323,C,THR,209,44.90407136485281,34.825520071364856,15.230541480820694,2,9.164970539341482
324,O,THR,209,43.97507136485281,35.603520071364855,15.000541480820697,1,9.656956461969209
325,CB,THR,209,45.364071364852805,36.25052007136485,17.294541480820694,1,9.197804343850658
326,CG2,THR,209,44.0630713648528,35.981520071364855,18.041541480820694,1,10.703347960350055
327,OG1,THR,209,46.379071364852805,36.567520071364854,18.255541480820693,1,8.672190511389338
328,N,HIS,210,45.19907136485281,33.807520071364856,14.423541480820695,2,8.929047093917111
329,CA,HIS,210,44.376071364852805,33.48652007136486,13.255541480820696,2,9.199558675549982
330,C,HIS,210,43.373071364852805,32.49252007136486,13.822541480820696,2,10.627295642945686
331,O,HIS,210,43.68907136485281,31.319520071364852,14.011541480820696,2,10.945286787343179
332,CB,HIS,210,45.223071364852814,32.84952007136486,12.149541480820695,2,8.239382118667509
333,CG,HIS,210,46.11507136485281,33.823520071364854,11.449541480820695,2,6.849666778048857
334,CD2,HIS,210,47.473071364852814,33.90752007136486,11.381541480820697,2,5.678629135955622
335,ND1,HIS,210,45.638071364852806,34.87552007136485,10.703541480820697,2,6.724654783642594
336,CE1,HIS,210,46.646071364852816,35.56552007136486,10.201541480820694,2,5.528270081847844
337,NE2,HIS,210,47.768071364852815,34.99252007136486,10.603541480820695,2,4.731555612555825
338,N,LEU,211,42.18407136485281,32.98852007136485,14.137541480820694,2,11.58974449436845
339,CA,LEU,211,41.155071364852816,32.179520071364855,14.770541480820697,2,12.988925901647015
340,C,LEU,211,40.007071364852806,31.639520071364853,13.943541480820695,2,13.782425885198968
341,O,LEU,211,39.67007136485282,32.15652007136485,12.876541480820695,2,13.503477479971576
342,CB,LEU,211,40.527071364852816,32.975520071364855,15.917541480820699,2,13.756055223415299
343,CG,LEU,211,41.402071364852816,33.579520071364854,17.007541480820695,1,13.283470077358643
344,CD2,LEU,211,42.117071364852805,32.475520071364855,17.752541480820692,1,13.44195324104582
345,C,ALA,235,50.265071364852815,40.98052007136486,20.021541480820698,0,4.701750680346897
346,O,ALA,235,50.76407136485281,39.871520071364856,19.849541480820694,0,4.63573697961787
347,N,ILE,236,49.05507136485281,41.31252007136486,19.5915414808207,0,5.566088209665932
348,CA,ILE,236,48.262071364852815,40.46452007136485,18.705541480820695,0,6.132875973305165
349,C,ILE,236,48.67807136485281,41.02652007136486,17.336541480820696,0,5.293905531550872
350,O,ILE,236,48.408071364852816,42.18652007136485,17.006541480820697,0,5.609932859700442
351,CG2,ILE,236,45.92007136485282,40.05852007136485,17.838541480820698,0,8.117818927460604
352,N,THR,237,49.40107136485281,40.216520071364855,16.577541480820695,0,4.418696769205396
353,CA,THR,237,49.95507136485281,40.64552007136486,15.309541480820695,1,3.605666827931067
354,C,THR,237,49.21907136485281,40.42552007136486,13.994541480820697,1,4.120517552194688
355,O,THR,237,49.405071364852816,41.20252007136485,13.054541480820696,1,4.222609183532062
356,CB,THR,237,51.355071364852805,40.051520071364855,15.162541480820696,1,2.161912508458636
357,CG2,THR,237,52.30007136485281,40.64552007136486,16.198541480820698,0,1.5122019553214199
358,OG1,THR,237,51.275071364852806,38.636520071364856,15.370541480820695,1,2.6335162808330947
359,N,GLU,238,48.41807136485281,39.371520071364856,13.893541480820694,1,4.71660611567136
360,CA,GLU,238,47.74007136485281,39.079520071364854,12.628541480820697,1,5.129278568178416
361,C,GLU,238,46.31207136485281,38.582520071364854,12.819541480820696,1,6.499417152019318
362,O,GLU,238,45.91907136485281,37.56152007136485,12.251541480820695,2,6.709282841824149
363,CB,GLU,238,48.5570713648528,38.03252007136486,11.868541480820696,2,4.074286100070358
364,CG,GLU,238,50.04507136485282,38.33652007136485,11.854541480820696,1,2.6485270459092902
365,CD,GLU,238,50.848071364852814,37.322520071364856,11.100541480820695,2,1.6531003999370466
366,OE1,GLU,238,50.23407136485281,36.38852007136485,10.570541480820694,2,2.1859478818369795
367,OE2,GLU,238,52.08807136485281,37.46552007136486,11.035541480820697,2,0.45372921215907386
368,N,LEU,239,45.516071364852806,39.359520071364855,13.539541480820695,1,7.488087296371606
369,CA,LEU,239,44.147071364852806,38.97952007136485,13.839541480820696,1,8.848355108821087
370,C,LEU,239,43.132071364852806,38.88552007136486,12.706541480820697,2,9.61979466303849
371,O,LEU,239,42.97807136485281,39.80252007136485,11.905541480820695,2,9.81848057520247
372,CB,LEU,239,43.5750713648528,39.908520071364855,14.916541480820694,1,9.69399502800246
373,CG,LEU,239,42.12407136485281,39.68652007136485,15.358541480820694,1,11.18334760559321
374,CD1,LEU,239,41.983071364852805,38.323520071364854,16.025541480820696,1,11.475463890171916
375,N,ASP,240,42.43007136485281,37.76052007136486,12.684541480820695,2,10.209491873575184
376,CA,ASP,240,41.32607136485281,37.49452007136485,11.769541480820696,2,11.077714645286012
377,C,ASP,240,40.57007136485281,36.323520071364854,12.380541480820696,2,11.925869968866444
378,O,ASP,240,41.16907136485281,35.43952007136485,13.002541480820696,2,11.58453245056302
379,CB,ASP,240,41.739071364852805,37.271520071364854,10.300541480820694,2,10.376410722065613
380,CG,ASP,240,42.73407136485281,36.146520071364854,10.100541480820695,2,9.273408175072484
381,OD1,ASP,240,42.792071364852816,35.192520071364854,10.895541480820697,2,9.432631517788234
382,OD2,ASP,240,43.465071364852804,36.21852007136486,9.093541480820697,3,8.358798621816685
383,N,ILE,241,39.24907136485281,36.37652007136486,12.306541480820695,2,13.184193718814559
384,CA,ILE,241,38.42207136485281,35.341520071364855,12.903541480820696,2,14.175546089335038
385,N,ALA,242,37.370071364852805,33.606520071364855,11.562541480820695,3,14.920413967888148
386,N,THR,266,46.899071364852816,44.18952007136485,15.570541480820697,0,7.631826828236806
387,CA,THR,266,46.986071364852805,44.39852007136486,14.125541480820697,0,7.780588173953984
388,C,THR,266,46.04107136485281,43.35752007136485,13.520541480820697,1,8.15582513455261
389,O,THR,266,46.14807136485281,42.16852007136485,13.832541480820694,1,7.569587800688623
390,CB,THR,266,48.41807136485281,44.14152007136485,13.549541480820697,1,6.563198068764975
391,CG2,THR,266,48.44607136485281,44.390520071364854,12.040541480820696,1,7.055309345481542
392,OG1,THR,266,49.375071364852815,45.00452007136486,14.179541480820696,0,6.261240894262764
393,N,VAL,267,45.0690713648528,43.813520071364856,12.733541480820694,1,9.287183324948279
394,CA,VAL,267,44.11507136485281,42.929520071364855,12.057541480820696,1,9.780115190175191
395,C,VAL,267,44.753071364852815,42.606520071364855,10.698541480820694,1,9.171249619865312
396,O,VAL,267,45.209071364852804,43.511520071364856,9.993541480820696,1,9.374464961457766
397,CB,VAL,267,42.75207136485281,43.633520071364856,11.851541480820696,1,11.32271291755486
398,CG1,VAL,267,41.74307136485281,42.68052007136485,11.234541480820695,1,11.868189899061498
399,N,TRP,268,44.80507136485281,41.325520071364856,10.341541480820695,2,8.55725966030649
400,CA,TRP,268,45.43007136485281,40.90352007136485,9.093541480820697,2,7.910958911924973
401,C,TRP,268,44.57407136485281,41.18652007136485,7.851541480820696,2,8.933458644133376
402,O,TRP,268,44.138071364852806,40.26752007136486,7.147541480820696,2,8.913312488172846
403,CB,TRP,268,45.82107136485281,39.420520071364855,9.180541480820697,2,6.885599507414141
404,CG,TRP,268,47.003071364852815,39.05052007136486,8.319541480820696,2,5.717905684696369
405,CD1,TRP,268,46.992071364852805,38.249520071364856,7.212541480820697,2,5.4452475351900596
406,CD2,TRP,268,48.351071364852814,39.53552007136486,8.448541480820694,2,4.845652013357563
407,CE2,TRP,268,49.093071364852804,39.00052007136485,7.372541480820697,2,4.217823955637633
408,CE3,TRP,268,49.000071364852815,40.381520071364854,9.364541480820694,2,4.6875149149601
409,NE1,TRP,268,48.24007136485281,38.21852007136486,6.636541480820696,2,4.496587507066793
410,CZ2,TRP,268,50.4530713648528,39.283520071364855,7.182541480820696,2,3.760651822661832
411,CZ3,TRP,268,50.354071364852814,40.66252007136485,9.176541480820696,2,4.09694885450564
412,CH2,TRP,268,51.0630713648528,40.11352007136485,8.089541480820696,2,3.8204356361215113
413,N,GLY,269,44.348071364852814,42.46752007136485,7.5855414808206945,2,9.88053544514366
414,CA,GLY,269,43.55107136485282,42.86452007136486,6.441541480820696,2,10.960402670874156
415,C,GLY,269,42.47207136485281,43.86052007136485,6.816541480820696,2,12.320314258438193
416,O,GLY,269,42.111071364852805,43.990520071364855,7.9875414808206955,2,12.47713743189681
417,N,VAL,270,41.973071364852814,44.58952007136485,5.827541480820695,2,13.352016673738376
418,CA,ASP,274,41.52607136485281,41.05252007136485,0.25254148082069605,4,12.712440159723064
419,C,ASP,274,42.18007136485281,40.185520071364856,1.3215414808206951,3,11.426772989802334
420,O,ASP,274,43.39807136485281,40.21852007136486,1.4955414808206946,3,10.52426657029594
421,CB,ASP,274,42.00807136485281,42.49552007136486,0.37554148082069716,3,13.325263841689319
422,N,SER,275,41.369071364852815,39.402520071364854,2.0215414808206944,3,11.46081104139059
423,CA,SER,275,41.85907136485281,38.524520071364854,3.070541480820694,3,10.44087312947622
424,C,SER,275,42.504071364852805,37.258520071364856,2.505541480820696,4,9.315953170126006
425,O,SER,275,42.010071364852806,36.68752007136486,1.539541480820695,4,9.560841875529235
426,CB,SER,275,40.6940713648528,38.12652007136486,3.9815414808206953,3,11.21474613721512
427,OG,SER,275,41.02907136485281,37.00152007136486,4.777541480820695,3,10.466943884318992
428,N,TRP,276,43.56407136485281,36.78152007136485,3.1525414808206946,4,8.103331039105285
429,CA,TRP,276,44.218071364852804,35.55552007136485,2.7135414808206946,4,6.997321045926444
430,C,TRP,276,43.31807136485281,34.35452007136485,3.064541480820697,4,7.40052307166796
431,O,TRP,276,43.60307136485281,33.22052007136485,2.691541480820696,4,6.809052764288227
432,CB,TRP,276,45.608071364852805,35.41852007136485,3.3595414808206954,4,5.653151307571512
433,CG,TRP,276,45.604071364852814,35.051520071364855,4.828541480820697,3,5.513842218660289
434,CD1,TRP,276,44.92207136485281,35.67852007136486,5.832541480820694,3,6.405176122453067
435,CD2,TRP,276,46.29607136485281,33.95552007136485,5.440541480820695,3,4.691152209760046
436,CE2,TRP,276,45.986071364852805,33.969520071364855,6.818541480820695,3,5.299243548072255
437,CE3,TRP,276,47.15107136485281,32.947520071364856,4.958541480820696,3,3.7121622498987703
438,NE1,TRP,276,45.140071364852815,35.036520071364855,7.029541480820697,3,6.222778322421487
439,CZ2,TRP,276,46.486071364852805,33.02952007136486,7.723541480820696,3,5.236036678675714
440,CZ3,TRP,276,47.65607136485281,32.002520071364856,5.860541480820697,3,3.748392672698973
441,CH2,TRP,276,47.3190713648528,32.05352007136486,7.225541480820695,3,4.614427870869194
442,N,ARG,277,42.244071364852815,34.624520071364856,3.8075414808206958,4,8.556867571856033
443,CA,ARG,277,41.254071364852805,33.62552007136485,4.229541480820696,4,9.377134964965382
444,C,ARG,277,39.875071364852815,34.19052007136486,3.845541480820696,4,10.764433628232306
445,O,ARG,277,38.905071364852816,34.06552007136486,4.603541480820695,4,11.794448959342894
446,CB,ARG,277,41.29307136485281,33.43052007136485,5.758541480820696,4,9.603030258695208
447,CG,ARG,277,42.53207136485281,32.74252007136486,6.328541480820697,3,8.53391470653734
448,CD,ARG,277,42.51407136485281,32.746520071364856,7.872541480820697,3,9.00567896429182
449,NE,ARG,277,41.45207136485281,31.913520071364854,8.442541480820697,3,10.304203417941732
450,CZ,ARG,277,40.96607136485281,32.024520071364854,9.681541480820695,3,11.168075340079167
451,NH1,ARG,277,41.42607136485282,32.944520071364856,10.524541480820695,3,10.875820283011183
452,NH2,ARG,277,40.024071364852816,31.187520071364855,10.089541480820696,3,12.34845230628408
453,N,SER,278,39.79307136485281,34.79752007136486,2.662541480820696,4,10.876584766671812
454,CA,SER,278,38.56107136485281,35.41952007136486,2.1735414808206954,4,12.211545410872596
455,C,SER,278,37.274071364852816,34.58952007136485,2.2105414808206945,4,13.210839149599542
456,CB,SER,278,38.772071364852806,35.99552007136486,0.7685414808206943,4,12.208984225098266
457,OG,SER,278,39.20807136485281,34.996520071364856,-0.1364585191793033,4,11.436115827360611
458,N,SER,279,37.373071364852805,33.27352007136486,2.029541480820697,4,12.801215735799158
459,CB,SER,280,36.66807136485281,32.030520071364855,6.779541480820697,4,14.324671449586665
460,OG,SER,280,37.87707136485281,32.76052007136486,6.854541480820696,4,13.164045215883906
461,N,PRO,282,36.62107136485281,36.69052007136486,7.4825414808206965,3,14.862750420306948
462,CA,PRO,282,37.21407136485281,36.94952007136486,8.795541480820695,3,14.513638280031456
463,C,PRO,282,37.634071364852815,38.36152007136486,9.212541480820697,3,14.408640621482563
464,O,PRO,282,38.224071364852804,38.518520071364854,10.286541480820695,2,13.99658793540404
465,CB,PRO,282,38.42007136485282,36.018520071364854,8.764541480820697,3,13.211095894256395
466,CG,PRO,282,38.9440713648528,36.268520071364854,7.375541480820697,3,12.509242400046691
467,CD,PRO,282,37.68407136485281,36.39252007136486,6.500541480820697,3,13.6474580563335
468,CG,LEU,283,39.71407136485281,40.570520071364854,7.126541480820695,3,12.997571558814041
469,CD1,LEU,283,40.361071364852805,41.115520071364855,5.853541480820695,3,12.72999719705514
470,CD2,LEU,283,40.68307136485281,40.631520071364854,8.313541480820696,2,12.105140117562177
